0 -354.002 0 -354.002
1 -357.463 0.895267 -356.568
2 -366.168 7.35997 -358.808
3 -376.635 17.3526 -359.283
4 -386.101 27.5103 -358.59
5 -393.416 35.8976 -357.518
6 -398.571 42.0435 -356.528
7 -402.008 46.2384 -355.77
8 -404.221 48.9802 -355.24
9 -405.612 50.7223 -354.889
10 -406.47 51.8068 -354.663
11 -406.991 52.4702 -354.521
12 -407.303 52.8696 -354.433
13 -407.488 53.1072 -354.381
14 -407.599 53.2485 -354.351
15 -407.67 53.335 -354.335
16 -407.721 53.3929 -354.328
17 -407.764 53.4385 -354.326
18 -407.808 53.4813 -354.327
19 -407.856 53.5266 -354.329
20 -407.909 53.5771 -354.332
21 -407.968 53.6333 -354.335
22 -408.032 53.6947 -354.337
23 -408.098 53.7598 -354.338
24 -408.164 53.8266 -354.338
25 -408.229 53.8926 -354.336
26 -408.289 53.9552 -354.333
27 -408.34 54.0114 -354.329
28 -408.381 54.058 -354.323
29 -408.406 54.0915 -354.315
30 -408.413 54.1082 -354.305
31 -408.396 54.1039 -354.292
32 -408.351 54.074 -354.277
33 -408.273 54.0135 -354.26
34 -408.155 53.9165 -354.239
35 -407.991 53.7769 -354.214
36 -407.774 53.5877 -354.186
37 -407.496 53.3415 -354.155
38 -407.15 53.0307 -354.119
39 -406.728 52.6479 -354.08
40 -406.225 52.1869 -354.038
41 -405.638 51.6428 -353.995
42 -404.968 51.0146 -353.954
43 -404.222 50.306 -353.916
44 -403.415 49.5279 -353.887
45 -402.572 48.6996 -353.872
46 -401.726 47.8504 -353.875
47 -400.92 47.0189 -353.901
48 -400.203 46.2516 -353.952
49 -399.624 45.5978 -354.026
50 -399.225 45.104 -354.121
51 -399.033 44.8061 -354.227
52 -399.058 44.7229 -354.335
53 -399.287 44.853 -354.434
54 -399.69 45.1742 -354.516
55 -400.223 45.648 -354.575
56 -400.833 46.2258 -354.607
57 -401.472 46.8564 -354.616
58 -402.095 47.4921 -354.603
59 -402.668 48.0933 -354.575
60 -403.166 48.6304 -354.535
61 -403.574 49.084 -354.49
62 -403.886 49.4439 -354.442
63 -404.102 49.7072 -354.395
64 -404.227 49.8767 -354.351
65 -404.27 49.9592 -354.311
66 -404.241 49.9642 -354.277
67 -404.151 49.9028 -354.248
68 -404.013 49.7872 -354.226
69 -403.84 49.6298 -354.21
70 -403.643 49.4431 -354.2
71 -403.436 49.2398 -354.197
72 -403.23 49.0316 -354.199
73 -403.037 48.8303 -354.206
74 -402.866 48.6467 -354.219
75 -402.728 48.4911 -354.237
76 -402.631 48.3727 -354.258
77 -402.583 48.2992 -354.283
78 -402.588 48.277 -354.311
79 -402.649 48.31 -354.339
80 -402.767 48.3999 -354.367
81 -402.939 48.5453 -354.394
82 -403.158 48.7417 -354.416
83 -403.415 48.9815 -354.434
84 -403.699 49.2539 -354.445
85 -403.995 49.5456 -354.449
86 -404.286 49.8412 -354.444
87 -404.555 50.1238 -354.431
88 -404.785 50.376 -354.409
89 -404.958 50.58 -354.378
90 -405.057 50.7182 -354.338
91 -405.065 50.7741 -354.291
92 -404.968 50.732 -354.236
93 -404.752 50.5776 -354.174
94 -404.405 50.2984 -354.107
95 -403.92 49.8843 -354.036
96 -403.292 49.3285 -353.963
97 -402.519 48.6285 -353.891
98 -401.611 47.7879 -353.823
99 -400.583 46.8179 -353.765
100 -399.461 45.7394 -353.721
101 -398.283 44.5845 -353.698
102 -397.1 43.3977 -353.702
103 -395.973 42.2351 -353.738
104 -394.971 41.1624 -353.809
105 -394.165 40.2501 -353.915
106 -393.619 39.5666 -354.052
107 -393.381 39.1696 -354.212
108 -393.479 39.0982 -354.381
109 -393.913 39.3656 -354.547
110 -394.653 39.9575 -354.696
111 -395.649 40.8334 -354.816
112 -396.835 41.9332 -354.902
113 -398.137 43.1858 -354.951
114 -399.486 44.5189 -354.967
115 -400.82 45.8665 -354.954
116 -402.092 47.1739 -354.918
117 -403.268 48.4 -354.868
118 -404.326 49.5177 -354.808
119 -405.257 50.5116 -354.745
120 -406.058 51.3762 -354.681
121 -406.733 52.1129 -354.621
122 -407.292 52.7279 -354.564
123 -407.743 53.2304 -354.512
124 -408.097 53.6308 -354.466
125 -408.365 53.9403 -354.425
126 -408.558 54.1694 -354.389
127 -408.686 54.3281 -354.358
128 -408.756 54.4255 -354.33
129 -408.776 54.4696 -354.306
130 -408.753 54.4671 -354.286
131 -408.691 54.424 -354.267
132 -408.596 54.3449 -354.251
133 -408.47 54.2338 -354.236
134 -408.315 54.0933 -354.222
135 -408.134 53.9254 -354.209
136 -407.927 53.7313 -354.196
137 -407.694 53.5112 -354.183
138 -407.434 53.2647 -354.169
139 -407.145 52.9908 -354.154
140 -406.826 52.6876 -354.139
141 -406.475 52.353 -354.122
142 -406.087 51.9841 -354.103
143 -405.661 51.5778 -354.083
144 -405.192 51.1309 -354.061
145 -404.677 50.6398 -354.037
146 -404.113 50.1011 -354.012
147 -403.497 49.5117 -353.985
148 -402.826 48.8687 -353.957
149 -402.099 48.1702 -353.928
150 -401.315 47.4151 -353.9
151 -400.476 46.604 -353.872
152 -399.585 45.7391 -353.846
153 -398.649 44.8251 -353.824
154 -397.676 43.8696 -353.807
155 -396.68 42.8836 -353.796
156 -395.677 41.8821 -353.795
157 -394.689 40.8841 -353.805
158 -393.741 39.9129 -353.828
159 -392.86 38.995 -353.865
160 -392.078 38.1601 -353.918
161 -391.424 37.4384 -353.986
162 -390.926 36.8593 -354.067
163 -390.608 36.4487 -354.159
164 -390.485 36.2266 -354.258
165 -390.565 36.2049 -354.36
166 -390.845 36.386 -354.459
167 -391.314 36.7627 -354.551
168 -391.951 37.3185 -354.632
169 -392.729 38.0295 -354.699
170 -393.617 38.8665 -354.751
171 -394.584 39.798 -354.786
172 -395.6 40.7928 -354.807
173 -396.637 41.822 -354.815
174 -397.673 42.8607 -354.813
175 -398.691 43.8889 -354.802
176 -399.677 44.8917 -354.786
177 -400.625 45.8589 -354.766
178 -401.528 46.7843 -354.744
179 -402.387 47.6649 -354.722
180 -403.199 48.4998 -354.7
181 -403.968 49.2898 -354.678
182 -404.694 50.0362 -354.657
183 -405.378 50.7408 -354.637
184 -406.023 51.4051 -354.618
185 -406.63 52.0306 -354.6
186 -407.2 52.6184 -354.581
187 -407.733 53.1693 -354.563
188 -408.23 53.6839 -354.546
189 -408.691 54.1626 -354.528
190 -409.117 54.606 -354.511
191 -409.508 55.0144 -354.494
192 -409.865 55.3884 -354.477
193 -410.189 55.7286 -354.46
194 -410.48 56.0357 -354.444
195 -410.739 56.3104 -354.428
196 -410.966 56.5534 -354.413
197 -411.163 56.7655 -354.398
198 -411.33 56.9473 -354.383
199 -411.467 57.0993 -354.368
200 -411.575 57.2218 -354.354
201 -411.654 57.315 -354.339
202 -411.703 57.3787 -354.324
203 -411.721 57.4124 -354.309
204 -411.708 57.4151 -354.293
205 -411.661 57.3857 -354.276
206 -411.58 57.3223 -354.258
207 -411.461 57.2227 -354.239
208 -411.302 57.0842 -354.218
209 -411.099 56.9035 -354.195
210 -410.847 56.6767 -354.17
211 -410.542 56.3995 -354.143
212 -410.18 56.067 -354.113
213 -409.754 55.6738 -354.08
214 -409.258 55.2141 -354.044
215 -408.687 54.682 -354.005
216 -408.035 54.0716 -353.963
217 -407.296 53.3771 -353.919
218 -406.466 52.5934 -353.872
219 -405.541 51.7168 -353.824
220 -404.521 50.745 -353.776
221 -403.407 49.6782 -353.729
222 -402.205 48.5198 -353.685
223 -400.923 47.277 -353.646
224 -399.577 45.9618 -353.616
225 -398.187 44.5911 -353.595
226 -396.776 43.1872 -353.588
227 -395.375 41.7777 -353.597
228 -394.018 40.3947 -353.623
229 -392.742 39.0738 -353.668
230 -391.585 37.8528 -353.732
231 -390.583 36.7691 -353.814
232 -389.77 35.858 -353.912
233 -389.173 35.1501 -354.023
234 -388.812 34.6689 -354.143
235 -388.694 34.4286 -354.265
236 -388.818 34.4328 -354.385
237 -389.17 34.6732 -354.496
238 -389.725 35.1307 -354.594
239 -390.451 35.7761 -354.675
240 -391.309 36.5731 -354.736
241 -392.257 37.4813 -354.776
242 -393.256 38.4595 -354.796
243 -394.267 39.4687 -354.799
244 -395.261 40.4744 -354.786
245 -396.21 41.4482 -354.762
246 -397.098 42.3684 -354.73
247 -397.912 43.22 -354.692
248 -398.647 43.994 -354.653
249 -399.3 44.687 -354.613
250 -399.875 45.3001 -354.575
251 -400.378 45.8379 -354.54
252 -400.817 46.3074 -354.51
253 -401.202 46.7177 -354.485
254 -401.543 47.0789 -354.464
255 -401.851 47.4014 -354.449
256 -402.135 47.6956 -354.44
257 -402.406 47.9717 -354.434
258 -402.672 48.2387 -354.433
259 -402.941 48.5048 -354.436
260 -403.218 48.777 -354.441
261 -403.51 49.0608 -354.449
262 -403.819 49.3605 -354.458
263 -404.147 49.679 -354.468
264 -404.497 50.0178 -354.479
265 -404.867 50.3776 -354.489
266 -405.257 50.7577 -354.499
267 -405.665 51.1569 -354.508
268 -406.089 51.5731 -354.516
269 -406.526 52.0037 -354.522
270 -406.973 52.446 -354.527
271 -407.427 52.8968 -354.53
272 -407.885 53.3531 -354.532
273 -408.343 53.8116 -354.532
274 -408.8 54.2695 -354.53
275 -409.251 54.7238 -354.528
276 -409.696 55.1719 -354.524
277 -410.13 55.6115 -354.519
278 -410.553 56.0403 -354.513
279 -410.962 56.4566 -354.506
280 -411.357 56.8585 -354.498
281 -411.735 57.2447 -354.49
282 -412.095 57.614 -354.481
283 -412.437 57.9652 -354.472
284 -412.759 58.2974 -354.462
285 -413.062 58.6099 -354.452
286 -413.343 58.902 -354.441
287 -413.604 59.173 -354.431
288 -413.842 59.4224 -354.42
289 -414.058 59.6496 -354.409
290 -414.251 59.8543 -354.397
291 -414.421 60.0358 -354.385
292 -414.567 60.1937 -354.373
293 -414.689 60.3275 -354.361
294 -414.785 60.4367 -354.348
295 -414.856 60.5206 -354.336
296 -414.901 60.5788 -354.323
297 -414.92 60.6109 -354.309
298 -414.912 60.6163 -354.296
299 -414.877 60.5948 -354.282
300 -414.815 60.5461 -354.268
301 -414.725 60.4702 -354.255
302 -414.609 60.3673 -354.241
303 -414.466 60.238 -354.228
304 -414.299 60.0831 -354.216
305 -414.108 59.904 -354.205
306 -413.896 59.7024 -354.194
307 -413.666 59.4807 -354.185
308 -413.419 59.2418 -354.178
309 -413.161 58.9891 -354.172
310 -412.896 58.7267 -354.169
311 -412.627 58.459 -354.168
312 -412.36 58.1907 -354.169
313 -412.101 57.927 -354.174
314 -411.853 57.6728 -354.18
315 -411.622 57.4328 -354.189
316 -411.411 57.2116 -354.2
317 -411.225 57.0127 -354.212
318 -411.064 56.839 -354.225
319 -410.931 56.6923 -354.239
320 -410.826 56.5733 -354.253
321 -410.747 56.4816 -354.266
322 -410.693 56.4156 -354.278
323 -410.661 56.3727 -354.288
324 -410.646 56.3496 -354.296
325 -410.645 56.3423 -354.302
326 -410.652 56.3462 -354.306
327 -410.665 56.3569 -354.308
328 -410.677 56.3696 -354.307
329 -410.684 56.38 -354.304
330 -410.684 56.384 -354.3
331 -410.671 56.3779 -354.293
332 -410.645 56.3587 -354.286
333 -410.601 56.3237 -354.277
334 -410.539 56.2711 -354.268
335 -410.457 56.1993 -354.258
336 -410.356 56.1077 -354.248
337 -410.234 55.996 -354.238
338 -410.092 55.8644 -354.228
339 -409.933 55.7136 -354.219
340 -409.755 55.545 -354.21
341 -409.563 55.36 -354.203
342 -409.358 55.1609 -354.197
343 -409.142 54.9499 -354.192
344 -408.918 54.7299 -354.188
345 -408.691 54.5039 -354.187
346 -408.462 54.2753 -354.187
347 -408.236 54.0476 -354.188
348 -408.017 53.8245 -354.192
349 -407.808 53.6097 -354.198
350 -407.613 53.4073 -354.205
351 -407.435 53.2208 -354.215
352 -407.28 53.0538 -354.226
353 -407.148 52.9099 -354.238
354 -407.044 52.7919 -354.252
355 -406.97 52.7026 -354.268
356 -406.928 52.6444 -354.284
357 -406.92 52.6189 -354.301
358 -406.946 52.6275 -354.318
359 -407.007 52.6711 -354.336
360 -407.103 52.75 -354.353
361 -407.235 52.8641 -354.371
362 -407.401 53.0132 -354.388
363 -407.601 53.1962 -354.405
364 -407.833 53.4123 -354.421
365 -408.096 53.66 -354.436
366 -408.388 53.9377 -354.45
367 -408.708 54.2438 -354.464
368 -409.053 54.5763 -354.476
369 -409.421 54.9331 -354.488
370 -409.81 55.3119 -354.498
371 -410.217 55.7103 -354.507
372 -410.64 56.1255 -354.514
373 -411.075 56.5547 -354.52
374 -411.519 56.9949 -354.524
375 -411.97 57.4429 -354.527
376 -412.423 57.8952 -354.528
377 -412.875 58.3484 -354.527
378 -413.323 58.799 -354.524
379 -413.764 59.2437 -354.52
380 -414.193 59.679 -354.514
381 -414.609 60.102 -354.507
382 -415.009 60.5098 -354.499
383 -415.389 60.9002 -354.489
384 -415.75 61.2712 -354.479
385 -416.09 61.6217 -354.469
386 -416.409 61.951 -354.458
387 -416.707 62.2592 -354.448
388 -416.986 62.5472 -354.438
389 -417.246 62.8165 -354.43
390 -417.492 63.0692 -354.423
391 -417.725 63.3082 -354.417
392 -417.95 63.5368 -354.413
393 -418.169 63.7584 -354.411
394 -418.388 63.9767 -354.411
395 -418.608 64.1953 -354.412
396 -418.832 64.4173 -354.415
397 -419.064 64.6454 -354.419
398 -419.305 64.8815 -354.423
399 -419.554 65.1265 -354.428
400 -419.812 65.3804 -354.432
401 -420.078 65.6423 -354.435
402 -420.348 65.9102 -354.437
403 -420.619 66.1815 -354.438
404 -420.889 66.4528 -354.436
405 -421.153 66.7201 -354.433
406 -421.407 66.9795 -354.427
407 -421.647 67.2268 -354.42
408 -421.868 67.4578 -354.41
409 -422.067 67.6686 -354.399
410 -422.241 67.8557 -354.386
411 -422.387 68.016 -354.371
412 -422.502 68.1467 -354.355
413 -422.584 68.2454 -354.339
414 -422.632 68.3103 -354.321
415 -422.643 68.3399 -354.303
416 -422.618 68.3331 -354.284
417 -422.555 68.2891 -354.266
418 -422.454 68.2075 -354.247
419 -422.316 68.0884 -354.228
420 -422.142 67.9321 -354.21
421 -421.931 67.7395 -354.192
422 -421.687 67.5118 -354.175
423 -421.41 67.2511 -354.159
424 -421.105 66.9598 -354.145
425 -420.774 66.6416 -354.133
426 -420.424 66.3008 -354.123
427 -420.06 65.9427 -354.117
428 -419.688 65.574 -354.114
429 -419.318 65.2023 -354.116
430 -418.958 64.8363 -354.122
431 -418.619 64.4856 -354.134
432 -418.311 64.1605 -354.15
433 -418.043 63.8711 -354.172
434 -417.825 63.6273 -354.198
435 -417.665 63.4377 -354.228
436 -417.57 63.3094 -354.26
437 -417.541 63.247 -354.294
438 -417.58 63.2524 -354.327
439 -417.684 63.3245 -354.36
440 -417.848 63.4596 -354.389
441 -418.065 63.6512 -354.414
442 -418.326 63.8913 -354.435
443 -418.621 64.1703 -354.45
444 -418.94 64.4784 -354.461
445 -419.274 64.8059 -354.468
446 -419.614 65.1438 -354.47
447 -419.954 65.4847 -354.469
448 -420.288 65.8221 -354.466
449 -420.612 66.1516 -354.461
450 -420.924 66.47 -354.454
451 -421.224 66.7757 -354.448
452 -421.51 67.068 -354.442
453 -421.783 67.3476 -354.436
454 -422.046 67.6157 -354.431
455 -422.3 67.8739 -354.427
456 -422.548 68.1242 -354.424
457 -422.79 68.3689 -354.422
458 -423.03 68.6098 -354.42
459 -423.269 68.8487 -354.42
460 -423.507 69.0869 -354.42
461 -423.746 69.3253 -354.42
462 -423.985 69.5642 -354.42
463 -424.223 69.8031 -354.42
464 -424.46 70.041 -354.419
465 -424.693 70.2761 -354.417
466 -424.919 70.5059 -354.413
467 -425.135 70.7276 -354.408
468 -425.338 70.9376 -354.4
469 -425.523 71.1319 -354.391
470 -425.686 71.3065 -354.379
471 -425.823 71.457 -354.366
472 -425.929 71.5792 -354.35
473 -426.001 71.6691 -354.332
474 -426.035 71.7227 -354.313
475 -426.029 71.7369 -354.292
476 -425.979 71.7088 -354.27
477 -425.883 71.6362 -354.247
478 -425.741 71.5178 -354.224
479 -425.553 71.3529 -354.2
480 -425.319 71.1418 -354.178
481 -425.041 70.8856 -354.156
482 -424.721 70.5864 -354.135
483 -424.364 70.2472 -354.116
484 -423.972 69.8718 -354.1
485 -423.552 69.4653 -354.086
486 -423.109 69.0332 -354.076
487 -422.651 68.5822 -354.069
488 -422.185 68.1193 -354.066
489 -421.719 67.6524 -354.067
490 -421.261 67.1894 -354.072
491 -420.819 66.7385 -354.081
492 -420.401 66.3077 -354.094
493 -420.014 65.9042 -354.11
494 -419.664 65.5349 -354.129
495 -419.356 65.2053 -354.151
496 -419.093 64.9197 -354.174
497 -418.878 64.6808 -354.198
498 -418.711 64.4899 -354.221
499 -418.592 64.3468 -354.245
500 -418.516 64.2498 -354.267
501 -418.483 64.1959 -354.287
502 -418.486 64.1812 -354.305
503 -418.521 64.2012 -354.32
504 -418.584 64.2509 -354.333
505 -418.669 64.3252 -354.343
506 -418.77 64.4192 -354.351
507 -418.885 64.5281 -354.357
508 -419.009 64.6479 -354.361
509 -419.139 64.775 -354.364
510 -419.271 64.9065 -354.365
511 -419.406 65.0402 -354.365
512 -419.54 65.1745 -354.365
513 -419.673 65.3083 -354.365
514 -419.805 65.4412 -354.364
515 -419.937 65.573 -354.364
516 -420.067 65.7041 -354.363
517 -420.198 65.8348 -354.363
518 -420.329 65.9657 -354.363
519 -420.461 66.097 -354.364
520 -420.593 66.2293 -354.364
521 -420.727 66.3625 -354.364
522 -420.861 66.4967 -354.364
523 -420.996 66.6315 -354.364
524 -421.131 66.7665 -354.364
525 -421.265 66.9015 -354.364
526 -421.4 67.0362 -354.364
527 -421.535 67.1714 -354.364
528 -421.674 67.3086 -354.366
529 -421.821 67.4509 -354.37
530 -421.981 67.6036 -354.378
531 -422.165 67.7745 -354.39
532 -422.383 67.9737 -354.409
533 -422.649 68.2142 -354.435
534 -422.979 68.5105 -354.469
535 -423.387 68.8776 -354.509
536 -423.886 69.3296 -354.556
537 -424.484 69.8771 -354.607
538 -425.183 70.5259 -354.658
